memory: 8.86666943359375
time: 1972.7752108573914
